76.3925 94.2247  81.507
77.3703 94.4339 81.4995
78.3369 94.6903 81.4945
79.2816 95.0178 81.4812
80.2126 95.3825 81.4653
81.1586 95.7068 81.4574
82.0853 96.0824 81.4555
83.0178 96.4436 81.4593
83.9722  96.742 81.4691
84.9362 97.0079 81.4767
85.8744  97.354  81.484
86.7944 97.7457 81.4946
87.6942 98.1819 81.5043
88.5589 98.6842 81.5084
89.4568 99.1243 81.5116
 90.341 99.5913 81.5199
91.2364 100.037  81.521
92.0914 100.555 81.5263
92.9121 101.127 81.5243
93.7146 101.723 81.5217
88.7357 108.429 91.8709
89.4115 109.166 91.8743
90.1279 109.864 91.8741
90.7894 110.614 91.8746
91.4074   111.4 91.8765
91.9659 112.229 91.8748
92.4607 113.098  91.865
92.8951 113.999 91.8609
93.3386 114.895 91.8541
93.8103 115.777 91.8419
94.2168  116.69 91.8351
94.5797 117.622  91.828
94.9599 118.547 91.8174
95.3813 119.454   91.81
95.8412 120.342 91.8008
96.2632 121.248 91.7973
96.6365 122.176    91.8
96.9682 123.119 91.8082
97.3408 124.047 91.8217
97.6348 125.003 91.8322
84.4217 79.6106 102.196
85.3182 80.0536 102.196
86.1932 80.5377 102.195
87.0948 80.9703 102.201
88.0221 81.3446   102.2
88.9184  81.788 102.207
89.8222 82.2158  102.22
90.6999 82.6949 102.225
91.5723 83.1836 102.233
92.4479 83.6666 102.238
93.3544 84.0888  102.24
94.2402 84.5529 102.242
95.1042 85.0563  102.25
95.9217 85.6322 102.252
96.7562 86.1832  102.25
 97.575 86.7574 102.252
98.3426 87.3983 102.253
99.1507 87.9874 102.251
100.006 88.5057 102.249
100.883 88.9854 102.241
 82.981  90.682 90.5419
83.7635 91.3046 90.5394
84.5706  91.895  90.534
85.4172 92.4272 90.5275
86.2985 92.8996 90.5175
87.1711 93.3879 90.5058
88.0603 93.8452 90.4909
88.9723 94.2553 90.4786
89.9156 94.5865 90.4574
 90.862 94.9089 90.4414
91.7816 95.3012  90.417
92.6861 95.7267 90.3876
93.5756 96.1829 90.3645
94.4286 96.7039 90.3334
95.3064 97.1814 90.2955
96.1769 97.6722 90.2574
97.0654 98.1298 90.2247
97.9236 98.6422 90.1924
 98.764 99.1834 90.1653
99.6359 99.6721 90.1339
85.8756 90.3031  79.856
86.8745 90.2562 79.8557
87.8721 90.1868 79.8613
 88.871 90.1403 79.8595
89.8683 90.0669 79.8574
90.8624 89.9584 79.8573
91.8619 89.9272 79.8581
92.8595  89.857 79.8571
93.8592 89.8341  79.853
94.8559 89.7532 79.8488
95.8542 89.6959 79.8376
96.8485 89.5896 79.8256
97.8407 89.4667 79.8076
98.8291 89.3154 79.7937
99.8062 89.1035 79.7725
100.767  88.828 79.7546
101.738 88.5893 79.7278
102.715  88.379 79.7041
103.678 88.1081 79.6747
104.616 87.7647 79.6528
