1e-05 1e-05 1e-05
1.00081e-05 9.9719e-06 9.90437e-06
1.00158e-05 9.93857e-06 9.8104e-06
1.00225e-05 9.90009e-06 9.71835e-06
1.00279e-05 9.85658e-06 9.62847e-06
1.00313e-05 9.80822e-06 9.54101e-06
1.00322e-05 9.75523e-06 9.4562e-06
1.00302e-05 9.69791e-06 9.37429e-06
1.00248e-05 9.63658e-06 9.29549e-06
1.00157e-05 9.57161e-06 9.22002e-06
1.00024e-05 9.50342e-06 9.14808e-06
9.98474e-06 9.43246e-06 9.07988e-06
9.96234e-06 9.3592e-06 9.0156e-06
9.93503e-06 9.28415e-06 8.95542e-06
9.90264e-06 9.20784e-06 8.8995e-06
9.86506e-06 9.1308e-06 8.848e-06
9.82225e-06 9.05358e-06 8.80105e-06
9.77423e-06 8.97672e-06 8.75879e-06
9.72105e-06 8.90077e-06 8.72133e-06
9.66283e-06 8.82626e-06 8.68877e-06
9.59977e-06 8.75371e-06 8.66121e-06
9.53208e-06 8.68362e-06 8.63871e-06
9.46006e-06 8.61646e-06 8.62135e-06
9.38403e-06 8.55266e-06 8.60916e-06
9.30436e-06 8.49262e-06 8.60219e-06
9.22147e-06 8.43671e-06 8.60044e-06
9.1358e-06 8.38524e-06 8.60393e-06
9.04784e-06 8.33847e-06 8.61265e-06
8.95809e-06 8.29662e-06 8.62656e-06
8.86708e-06 8.25985e-06 8.64564e-06
8.77534e-06 8.22826e-06 8.66984e-06
8.68341e-06 8.2019e-06 8.69907e-06
8.59185e-06 8.18076e-06 8.73328e-06
8.5012e-06 8.16478e-06 8.77235e-06
8.41199e-06 8.15382e-06 8.81619e-06
8.32474e-06 8.14772e-06 8.86467e-06
8.23995e-06 8.14624e-06 8.91766e-06
8.15808e-06 8.1491e-06 8.97502e-06
8.07958e-06 8.15597e-06 9.03658e-06
8.00484e-06 8.16647e-06 9.10219e-06
7.93423e-06 8.1802e-06 9.17165e-06
7.86806e-06 8.1967e-06 9.24479e-06
7.80659e-06 8.21549e-06 9.32139e-06
7.75004e-06 8.23607e-06 9.40126e-06
7.69856e-06 8.25792e-06 9.48416e-06
7.65227e-06 8.2805e-06 9.56988e-06
7.61121e-06 8.30326e-06 9.65817e-06
7.57537e-06 8.32565e-06 9.7488e-06
7.54468e-06 8.34714e-06 9.84152e-06
7.51903e-06 8.36719e-06 9.93607e-06
7.49823e-06 8.38527e-06 1.00322e-05
7.48204e-06 8.4009e-06 1.01296e-05
7.4702e-06 8.4136e-06 1.02281e-05
7.46237e-06 8.42293e-06 1.03274e-05
7.45817e-06 8.4285e-06 1.04271e-05
7.45719e-06 8.42995e-06 1.05271e-05
7.45899e-06 8.42696e-06 1.06271e-05
7.46308e-06 8.41926e-06 1.07267e-05
7.46896e-06 8.40665e-06 1.08257e-05
7.47611e-06 8.38896e-06 1.09239e-05
7.48399e-06 8.36608e-06 1.10209e-05
7.49205e-06 8.33798e-06 1.11165e-05
7.49974e-06 8.30465e-06 1.12105e-05
7.50653e-06 8.26617e-06 1.13025e-05
7.51187e-06 8.22266e-06 1.13924e-05
7.51525e-06 8.1743e-06 1.14799e-05
7.51618e-06 8.12132e-06 1.15647e-05
7.51417e-06 8.06399e-06 1.16466e-05
7.50881e-06 8.00266e-06 1.17254e-05
7.49968e-06 7.93769e-06 1.18009e-05
7.48642e-06 7.8695e-06 1.18728e-05
7.46873e-06 7.79854e-06 1.1941e-05
7.44633e-06 7.72528e-06 1.20053e-05
7.41902e-06 7.65024e-06 1.20655e-05
7.38662e-06 7.57392e-06 1.21214e-05
7.34905e-06 7.49688e-06 1.21729e-05
7.30624e-06 7.41966e-06 1.22198e-05
7.25822e-06 7.3428e-06 1.22621e-05
7.20503e-06 7.26685e-06 1.22996e-05
7.14682e-06 7.19234e-06 1.23321e-05
7.08376e-06 7.11979e-06 1.23597e-05
7.01607e-06 7.0497e-06 1.23822e-05
6.94405e-06 6.98254e-06 1.23995e-05
6.86801e-06 6.91874e-06 1.24117e-05
6.78835e-06 6.8587e-06 1.24187e-05
6.70545e-06 6.80279e-06 1.24205e-05
6.61979e-06 6.75132e-06 1.2417e-05
6.53183e-06 6.70455e-06 1.24082e-05
6.44208e-06 6.6627e-06 1.23943e-05
6.35107e-06 6.62593e-06 1.23752e-05
6.25932e-06 6.59434e-06 1.23511e-05
6.1674e-06 6.56798e-06 1.23218e-05
6.07584e-06 6.54684e-06 1.22876e-05
5.98519e-06 6.53086e-06 1.22485e-05
5.89598e-06 6.5199e-06 1.22047e-05
5.80873e-06 6.5138e-06 1.21562e-05
5.72394e-06 6.51232e-06 1.21032e-05
5.64207e-06 6.51518e-06 1.20459e-05
5.56357e-06 6.52205e-06 1.19843e-05
5.48883e-06 6.53255e-06 1.19187e-05
